========================================================================
THE ORDER TEST, IDEAL SIMULATOR
========================================================================
backend: aer_simulator  circuits: 52  shots each: 2000  total shots: 104000
job id: e03b0382-09b3-456e-b696-1093388d0436
saved counts: assets/qc_order_test_ideal_aer_simulator.json

 phi | nomark   key | late M=0 early M=0   key | late M=1 early M=1 | which
   0 |  1.000 1.000 |    1.000     1.000 1.000 |    0.000     0.000 | 0.482
  30 |  0.933 0.933 |    0.929     0.939 0.933 |    0.071     0.054 | 0.511
  60 |  0.746 0.750 |    0.769     0.741 0.750 |    0.248     0.237 | 0.525
  90 |  0.490 0.500 |    0.486     0.495 0.500 |    0.483     0.490 | 0.474
 120 |  0.230 0.250 |    0.230     0.257 0.250 |    0.752     0.770 | 0.488
 150 |  0.072 0.067 |    0.087     0.072 0.067 |    0.935     0.934 | 0.498
 180 |  0.000 0.000 |    0.000     0.000 0.000 |    1.000     1.000 | 0.498
 210 |  0.070 0.067 |    0.072     0.063 0.067 |    0.935     0.934 | 0.507
 240 |  0.232 0.250 |    0.271     0.257 0.250 |    0.773     0.729 | 0.512
 270 |  0.483 0.500 |    0.507     0.496 0.500 |    0.511     0.481 | 0.515
 300 |  0.758 0.750 |    0.764     0.733 0.750 |    0.244     0.239 | 0.479
 330 |  0.942 0.933 |    0.936     0.930 0.933 |    0.060     0.060 | 0.515
 360 |  1.000 1.000 |    1.000     1.000 1.000 |    0.000     0.000 | 0.507

late vs early, 26 sorted points: largest gap 0.044, largest |z| 2.25, chi2 21.6 on 26 dof (pure shot noise: chi2 near 26, |z| mostly under 2)
wrote assets/qc_order_test_ideal_aer_simulator.png

========================================================================
THE HARDWARE COUNTS, REPLOTTED (ibm_marrakesh)
========================================================================

 phi | nomark   key | late M=0 early M=0   key | late M=1 early M=1 | which
   0 |  1.000 1.000 |    0.985     0.988 1.000 |    0.015     0.021 | 0.490
  30 |  0.922 0.933 |    0.915     0.928 0.933 |    0.088     0.075 | 0.453
  60 |  0.733 0.750 |    0.742     0.769 0.750 |    0.285     0.264 | 0.482
  90 |  0.518 0.500 |    0.519     0.515 0.500 |    0.515     0.503 | 0.506
 120 |  0.249 0.250 |    0.280     0.258 0.250 |    0.785     0.789 | 0.485
 150 |  0.083 0.067 |    0.095     0.099 0.067 |    0.943     0.940 | 0.464
 180 |  0.009 0.000 |    0.029     0.015 0.000 |    0.999     0.997 | 0.511
 210 |  0.074 0.067 |    0.085     0.087 0.067 |    0.927     0.932 | 0.515
 240 |  0.269 0.250 |    0.250     0.272 0.250 |    0.727     0.764 | 0.519
 270 |  0.505 0.500 |    0.497     0.503 0.500 |    0.501     0.485 | 0.507
 300 |  0.767 0.750 |    0.764     0.744 0.750 |    0.257     0.261 | 0.519
 330 |  0.925 0.933 |    0.910     0.940 0.933 |    0.078     0.069 | 0.511
 360 |  1.000 1.000 |    0.983     0.985 1.000 |    0.010     0.011 | 0.506

late vs early, 26 sorted points: largest gap 0.037, largest |z| 2.56, chi2 28.3 on 26 dof (pure shot noise: chi2 near 26, |z| mostly under 2)
wrote assets/qc_order_test_hardware_ibm_marrakesh.png
